1,16,32,
2,16,32,
3,16,32,
4,16,36,
5,16,36,
6,16,36,
7,16,36,
8,16,36,
9,16,36,
10,7,10,
11,7,10,
12,7,10,
13,7,10,
14,7,10,
15,7,10,
16,18,36,
17,18,36,
18,18,36,
19,20,0,
20,20,0,
21,20,0,
22,20,0,
23,22,0,
24,22,0,
25,218,
26,218,
27,22,0,
28,22,0,
29,16,
30,16,
31,16,
32,16,
33,16,
34,16,
35,218,
36,218,
39,218,
40,218,
41,22,218,
42,22,218,
43,21,
44,21,
45,21,
46,24,0,
47,24,0,
48,31,0,
49,31,0,
50,26,0,
51,26,0,
52,28,0,
53,28,0,
54,33,0,
55,33,0,
56,28,0,
57,28,0,
60,25,
61,25,
62,25,
63,16,
64,16,
65,16,
66,28,
67,28,
68,28,
69,21,
70,21,
71,21,
72,30,0,
73,30,0,
74,25,
75,25,
76,25,
77,40,0,
78,40,0,
79,37,0,
80,37,0,
81,30,
82,30,
83,0,0,
84,31,0,
85,31,0,
86,34,0,
87,34,0,
88,38,0,
89,38,0,
92,25,
93,25,
94,25,
96,26,0,
97,26,0,
98,28,0,
99,28,0,
100,30,0,
101,30,0,
104,28,0,
105,28,0,
106,20,
107,20,
109,35,0,
110,35,0,
111,42,
112,42,
115,0,0,
116,32,
117,32,
118,33,0,
119,33,0,
124,30,0,
125,30,
126,30,
127,0,0,
128,0,0,
129,20,0,
130,20,0,
131,0,0,
132,0,0,
138,40,0,
139,40,0,
140,40,0,
141,40,0,
142,0,0,
143,218,0,
144,0,0,
145,0,0,
146,0,0,
147,30,55,
148,30,55,
149,30,55,
150,0,0,
151,0,0,
